11     0
11     1
11     2
10     1
 8     0
 7     0
 8     0
 9     2
 0     0
 8     0
 7     0
 9     0
 0     0
 0     0
 0     0
 8     0
 7     0
 7     0
 0     0
 0     0
 0     0
 8     0
 7     0
 7     0
 0     0
 0     0
 0     0
 8     0
10     0
10     1
 8     0
 7     0
 8     0
 9     1
 0     0
 8     0
 7     0
 9     0
 0     0
 0     0
 0     0
 8     0
 7     0
 7     0
 0     0
 0     0
 0     0
 8     0
 7     0
 7     0
 0     0
 0     0
 0     0
 8     0
10     0
 9     2
 0     0
 9     1
 0     0
 9     0
 0     0
12     2
12     1
12     0
